5724,516
7713,8110
2976,4970
7900,2905
611,5051
5121,6505
6846,3593
3964,5594
623,7073
8840,7688
9079,4536
3162,6258
742,492
207,7591
3999,8775
9940,1968
136,663
8797,9197
8796,4401
7221,1714
9544,6145
8355,9430
5168,9982
3610,6496
4901,4191
2354,4657
2084,6172
6552,5085
7421,8495
8610,1558
2396,873
3394,9382
9815,6780
4085,7643
339,7844
7962,9925
1429,1338
6707,9192
8368,1978
9788,2230
4966,8325
2240,3339
8498,9435
3955,5091
1520,3387
7750,8520
8922,4116
7252,4994
4480,240
1423,9093
8455,4648
4596,2106
9024,6322
9473,5152
7827,8872
6529,2083
8457,6243
8953,3014
4583,6655
9447,7875
6962,5054
2698,5716
7285,2374
7278,779
6739,8633
2693,7220
5562,4
6349,2629
7556,6201
2844,2646
6834,4819
8545,9624
939,3628
1460,9836
258,7911
6984,2102
8624,6999
5197,7952
5801,9424
2388,9806
4490,7324
4963,359
1299,9712
1839,2995
7196,3508
4711,7451
4010,6251
6452,4124
4183,2137
2182,8957
931,9092
3641,1905
6815,4156
7480,8995
2870,2776
9646,3642
295,7903
6926,4714
9364,795
5052,1288
8313,9701
2091,6617
8527,1634
3965,3467
475,3989
4367,5792
7028,6494
9617,9666
6533,24
4943,8148
3878,2424
8566,867
8037,9113
7901,1145
6142,3979
4184,5873
3749,4548
4148,2356
685,859
7949,8011
5055,4325
1798,6647
205,8736
8766,4540
1920,4363
9221,2863
7701,3651
9923,8932
970,4030
3459,1723
1375,7218
2385,2919
527,1851
9671,9302
1428,8517
7210,2405
6778,3999
7606,5875
6670,1882
415,7741
3102,535
7620,7509
1684,7973
1784,8891
1457,4472
7497,7336
1023,2478
1333,8387
3968,1521
3470,6323
5148,5458
5099,4935
2054,84
1028,8090
2953,6670
9929,211
2606,5366
7489,7
513,1050
6107,109
4648,1384
9314,4905
8336,7267
3439,5997
1938,6948
6262,1816
3336,1060
1831,1532
1312,6370
8407,3961
3364,2475
2492,4005
5411,3048
2860,7056
1485,9217
9914,6951
1818,7482
4680,2445
2456,2549
9569,1196
561,3722
7881,1000
3121,7538
7914,8127
6136,8221
531,5563
4130,8162
5357,6984
7048,3753
1264,8199
7768,3910
1848,2291
1330,8212
9527,8658
950,8329
6225,7200
3287,769
5524,5626
7836,883
7019,3529
7987,1290
819,7113
8543,5227
918,5527
406,3913
8858,7511
2119,397
6443,9108
5252,5023
567,5076
9467,2858
3556,3248
4805,1191
5218,3980
3052,3203
7709,3177
4629,9881
1706,7940
7752,9794
227,5738
5021,4418
953,9971
6441,6460
569,1388
5550,7691
90,4131
5727,4895
3629,2079
1332,8298
8811,2168
8283,3967
3782,965
3345,6422
153,8994
1757,5891
9391,2479
4319,9300
1022,6164
1171,6778
245,5096
8735,2946
357,5605
3596,7876
6383,8227
6928,6455
7040,9443
4164,4831
14,1708
2053,2359
1596,9229
8236,7891
909,9190
4601,7627
705,7878
7380,3704
2525,6787
961,7608
6972,5232
9743,6909
3841,7394
8489,667
8300,6079
7092,1641
8773,3208
8024,197
9337,9792
8980,5729
6647,4934
4547,1612
6545,2977
1255,2945
8032,1479
9101,1410
1095,2151
3329,1765
2921,3202
3381,9622
5407,4938
1145,7263
8816,8141
710,5108
6036,2777
958,8342
2595,1264
4889,8103
8223,9552
5078,2715
6985,33
925,4591
9217,4254
2774,1502
1408,7405
5109,3413
3177,8401
4433,4287
3650,8337
4700,2686
3953,9293
3283,8266
2484,558
2476,3335
6377,5916
3254,9989
554,4015
1785,2673
4955,3844
7916,5635
1660,1847
1661,6431
7117,4516
5743,306
5558,2794
4371,6012
4707,8503
9716,4192
9592,6651
4976,1592
106,9771
2812,7268
4981,786
2544,8338
769,2967
4091,703
5157,2037
3737,3333
2001,200
2249,8452
557,5264
4996,3162
7120,6471
3577,8921
565,5183
9296,4016
9339,4758
8977,4020
1347,2035
8954,3032
3646,6661
8208,3621
5402,7346
1179,5034
1036,818
2994,6367
3360,2448
8400,1533
9415,749
853,4141
8501,7370
6702,8779
3042,5821
334,4845
5321,2525
4911,3546
5846,6774
1823,6415
9613,4007
8184,9913
868,8118
3358,7984
5291,876
3901,3038
9382,3137
7438,446
532,4341
2490,9608
9295,9173
7602,5297
9783,8992
6390,4795
511,594
2289,536
5134,3889
676,7187
93,8781
4841,7828
2077,1764
8852,8435
6768,4909
8473,3128
6506,8678
7876,9399
4909,4601
1892,6248
6856,6669
3346,7961
7485,1343
4191,5265
8301,6179
5237,1892
9460,560
6223,4558
9861,8109
2035,1486
7566,1540
4392,9083
883,2770
4247,3140
9383,101
7185,2171
9413,3113
6516,9367
4863,8076
5038,5862
9832,8749
516,9769
7355,6577
575,6900
7208,494
6023,1089
2416,5186
4523,9398
6635,8742
4109,9061
1760,7429
4081,4272
5349,8667
1673,6085
4177,415
4634,4646
1580,5045
4334,7305
3306,9952
855,2769
5064,3829
8332,9344
3017,8856
3860,9249
1079,3350
2868,2051
6108,4960
9478,1862
2602,7576
1134,2139
1886,6040
4128,327
4009,4836
3635,9669
1215,2456
4132,4808
1629,2838
4667,9239
8079,7207
147,6208
6561,8320
9920,518
1495,2955
7696,40
7458,6623
7433,9602
5278,1620
8834,6622
8084,4184
3127,3664
5487,6764
1542,6512
3917,618
1641,153
6810,3343
6229,5973
9941,5757
3225,4259
3933,9929
8956,7682
251,3117
8227,4638
2401,5677
4067,9319
1881,7574
3010,5024
9898,1353
2234,1459
167,7139
5090,89
8955,3383
6807,8051
3642,3837
5101,6921
4959,3873
3170,704
1949,7809
1993,6502
5642,3504
7672,2624
9868,1618
1854,2431
520,1611
5598,6705
5825,9799
1657,2632
9785,5278
8320,5065
2486,5202
1374,2412
4323,4595
6606,2827
9559,8519
3422,3365
8439,1661
1381,961
2455,4573
5964,2756
2653,6877
3884,9474
278,7617
5576,6330
1700,5284
5092,2976
7649,738
77,8939
2152,6480
7686,5372
4738,488
2495,6719
4351,4948
8899,9962
1575,5737
7478,1903
4649,4933
4061,5949
4536,8159
7557,5522
9729,6798
7571,7661
7470,6580
8988,6550
4478,6196
9386,2127
4589,8733
6027,6016
7035,3405
8886,6341
571,4205
4985,8193
252,5495
6611,4247
3944,6384
2801,8136
5158,4335
3244,1035
6765,9118
740,4838
9537,8
873,933
649,4778
7387,3882
3659,6183
6160,744
2766,627
303,9627
112,7907
2412,9161
356,9396
5238,5310
4759,5163
335,5238
9620,374
5240,8940
9635,3645
737,645
2882,8615
5779,7256
4019,943
4895,1298
1934,7180
3290,5620
9740,9601
3564,6497
4042,7561
5546,2760
6336,9541
2317,3287
3415,8311
5495,1259
8324,5469
1918,9053
4573,1699
4772,1205
9699,1489
1704,9441
639,2147
2886,9754
7017,6966
2904,4497
315,8998
2441,4992
8682,9768
3160,8419
5787,8263
2196,4033
8051,2684
727,3148
3220,194
3497,2630
8446,2172
5242,9788
9795,7278
3237,995
8377,2584
8934,4313
4345,4225
2164,7242
2425,9615
6009,1797
9906,1702
5165,2691
815,1467
3428,466
4170,1604
3996,3235
4100,8454
1127,807
622,2659
2724,6743
9951,9755
5708,147
4260,5337
2216,1096
8241,1092
1909,1073
5345,6954
3023,3272
7371,7938
5788,2101
3147,8686
7810,6151
7745,3410
4871,3677
7630,198
133,2953
9312,8620
7772,1779
4176,6252
3083,2164
7733,9265
3158,3342
6177,8938
7442,7923
8207,9098
1882,8731
2302,4025
5186,5154
6463,523
5881,2642
4307,5052
2942,9703
1900,3824
5030,1799
2834,1370
8495,6148
7584,8209
8424,8016
9043,1224
7798,9331
8991,2104
7641,3477
3678,9927
7844,8764
1433,5955
4587,5367
556,7041
763,8062
1091,5235
2503,6931
3227,8098
1438,4979
4612,2033
5753,467
680,1304
1500,4600
3993,1187
7841,2807
7802,8617
5987,7812
8945,5251
9038,1228
2184,7228
2376,7365
6591,8560
7123,8531
1753,4297
6208,628
3560,5323
7559,4564
3033,5361
9301,7144
8555,4429
47,9705
6755,3107
2587,4957
9306,9710
8827,4059
584,7389
6283,5425
3223,8133
4957,3709
5265,7517
2523,6216
7865,595
3016,383
4429,8052
8893,3512
5282,7958
8159,9014
3018,4588
9762,9306
5097,2263
473,218
4293,4521
5968,8261
6098,5936
6022,6424
3333,5097
5513,9665
4354,6540
6096,7986
438,9064
9463,8814
741,9433
5605,2484
5919,6491
5206,5208
8594,4175
7226,7091
6904,4998
2778,6473
1055,3417
6367,1270
5156,7197
2692,4544
9709,9317
6997,7286
2319,3675
1432,1011
6363,7491
1499,7670
2329,7654
2268,6081
231,128
5117,8773
5745,4344
60,6102
1449,3404
161,1274
6640,7799
8397,8063
9423,8099
7657,484
1380,1379
3159,4177
4492,3781
175,6182
7181,6343
744,4381
564,2740
8510,5211
528,7935
7698,2108
2818,9643
8635,6990
8372,5611
217,7227
9332,4312
8878,6420
3039,6767
6249,9690
5602,8851
7314,7819
9393,2528
9268,6147
1503,9003
2393,2432
3355,9332
1741,4315
1585,9581
4016,908
7242,864
5042,7556
9405,1586
2983,8543
4062,3733
7613,7366
6787,9133
2848,3133
734,5574
1601,7252
1250,1141
5523,6046
7531,4140
5912,991
1448,7697
9949,253
9737,752
3305,2279
1582,6746
7046,4546
6503,356
6874,5394
8815,5426
3214,1747
8620,6594
5012,9500
1769,4333
5089,8124
5847,2204
5312,6066
8873,5007
7036,6627
5497,957
4241,4362
2986,635
5008,117
2277,5291
5490,6075
1681,7162
2866,793
2206,4897
3825,8690
2568,3825
7905,8971
8657,9813
3722,7824
7044,6076
7422,8611
5303,6896
404,7934
1342,6293
2829,3052
7520,4180
6511,978
4617,5849
1992,6234
6933,6104
7762,6000
4462,3103
3821,3036
2977,1791
8494,1648
5499,9366
5933,9282
8262,2680
2429,4972
7716,9029
8987,131
4122,7507
2952,2242
380,5690
3179,9209
6005,3381
8284,5207
2351,4842
5959,5249
2940,4058
6241,7663
1356,203
7331,2468
9242,1841
9354,1208
9456,9008
8765,4085
2323,4171
592,6717
2446,9554
7537,3277
5059,1775
6860,5503
3781,1843
1153,533
776,4773
3015,9637
8216,5848
7882,1607
8761,8144
2403,8229
2727,5719
2974,7765
267,8465
9152,8064
5120,6597
9632,2376
2540,2292
805,8231
3411,9195
8579,8470
7293,5835
9065,555
2360,8165
9658,6175
7932,9613
1386,8888
7717,8668
5443,9488
5236,5116
4228,6335
8416,296
6868,8201
725,7057
9049,9104
3559,924
1465,9696
6596,6025
7561,5591
8958,8712
8644,5858
4821,8904
6230,6537
9409,5895
8127,5640
4768,1896
7299,5586
1606,6755
1411,1428
4207,9875
5507,2024
803,298
6321,4373
5649,2014
4048,7245
5509,1505
8447,342
1117,7101
8299,1589
239,483
9986,2076
2982,5253
116,4554
4271,3397
1946,522
7924,392
42,5033
2427,5165
7254,4464
3769,3957
482,6910
1693,7106
6556,1275
17,2868
8921,2246
7682,7045
729,6280
1559,1559
5095,6053
4867,7081
8345,2900
7850,349
629,4765
1150,41
8064,456
7090,6321
3758,4011
2961,8003
2438,892
2932,5990
1020,1418
8166,9253
5343,5533
1859,2672
3904,5520
4202,2273
3407,266
8928,3421
5316,2415
3449,9516
9317,1165
2913,3929
5684,6822
7263,7624
6344,9810
2655,9188
7136,897
3778,1289
7791,5557
6273,9292
1388,8907
9575,8885
8697,7593
4382,2473
8018,2828
6631,9726
2411,9793
5113,4763
6870,719
5744,9717
6900,3173
8925,388
1493,6666
4848,276
1688,7084
1638,2552
5145,8049
376,8922
2244,6519
1248,677
5284,2924
9998,1997
8106,4606
884,8087
7525,5471
4481,1645
7608,3711
6146,9658
8386,5772
8846,6419
6444,8457
8146,879
5259,2058
9787,1483
8749,9921
2877,5375
4622,7639
3602,9621
9329,5984
3149,1480
1196,4581
4675,1509
3679,6841
123,7321
2023,8563
2954,6118
4833,8860
7679,3114
6470,8318
8714,708
9589,9296
8949,2878
7085,8194
2149,9277
4448,3950
5899,781
9689,9517
148,1701
8171,3930
3168,8267
3835,6024
8224,9035
2296,7442
3534,5466
3597,5099
976,7633
8409,7098
3520,9165
3719,6937
9921,6026
5459,5166
1037,2515
5733,7931
4811,606
5253,671
8917,4847
9887,4775
9855,7968
3563,6418
6536,4080
1216,3331
4797,6060
2634,7390
7959,3700
4961,7985
6103,9791
2669,1482
545,9761
4709,8657
9786,3626
6827,9037
9474,7997
9005,838
5228,4042
9978,187
6299,5654
6145,6115
9779,7116
9950,6163
1845,1755
4473,4193
9196,5494
9959,5168
66,2636
6232,6189
9333,3723
3194,625
3542,3000
2963,9539
9501,4228
6542,7058
8197,7480
484,8976
4590,2851
5187,4611
3047,6562
5654,3369
4898,7047
6592,5275
5590,2064
3649,8361
9719,7651
8438,205
1933,7236
283,3955
4103,4825
8989,8920
172,6421
2712,880
8195,9510
6157,4811
6260,2974
601,6509
7833,6522
9434,5932
7621,4047
6991,6065
6197,2696
6599,8684
4094,7428
3178,8453
2907,8865
8248,5981
6743,1899
2740,1007
8499,7438
3112,1461
8242,2191
6697,834
2635,4226
1293,2165
7842,2391
4443,7062
1130,7609
4488,174
8330,1466
7890,5610
9457,369
7382,633
3048,8483
6841,4823
4537,8591
1622,3890
596,3900
5015,2910
5999,7530
5167,425
3971,8260
3733,847
7816,53
4880,3796
3937,4509
4838,2845
7151,7373
1497,2644
2377,8880
4950,6021
3155,3031
2850,530
9355,8663
7681,8979
7609,3896
1707,1132
3528,8576
3837,7732
7632,6372
3284,8561
1953,2138
6357,3744
8193,9278
1989,9834
2880,5119
2344,8654
1545,5396
5442,9809
5658,2160
648,8934
7207,7551
2424,8537
8777,9830
8172,1287
9748,4889
9103,7963
1078,2489
3657,6204
4845,9166
8164,4940
6579,3346
8274,1002
678,8656
6568,7669
6708,1881
4993,8672
2217,5975
9984,1210
1701,7159
6896,7295
7481,7820
83,6487
7163,4166
2631,6735
8040,1581
8461,6150
6620,7921
3152,8269
3507,5883
4425,2434
2599,5328
9227,9112
2748,2979
1101,2710
9877,9185
1359,1770
3195,8510
5247,3588
7228,1776
1516,7072
8304,5773
6187,432
4788,8494
8969,2971
9325,9494
4705,7344
3956,8061
1966,2483
1983,3702
293,2685
8764,5104
3091,1690
6061,938
6275,2655
1401,4445
6580,1964
2356,6757
1574,9607
3000,9961
1158,9426
1085,6092
8122,8226
5399,150
3011,2306
8041,3734
9250,3104
3402,7563
41,3562
626,2427
2678,3063
872,2175
4280,4067
7710,5977
3275,1436
5880,2607
6769,1805
6496,2730
7179,1174
9124,3055
4658,9339
9471,6225
1044,6849
9982,9492
7567,2018
1034,9175
1648,9259
2161,1102
9852,7496
6450,9401
553,727
5130,3
6426,2650
1594,8803
6785,6963
8836,3576
594,8756
3923,7068
6362,1622
4210,3415
6493,404
2180,4479
1758,9700
3180,2182
7994,6284
1762,7626
9856,6703
6153,7949
6700,8955
103,7449
4454,4944
1410,7797
2878,2914
7855,8442
9662,6657
5973,9750
843,1985
5496,1566
5378,7512
502,2970
7126,2538
8983,6004
7310,6160
8059,3118
4270,8578
4816,2187
2624,5406
9523,6802
5464,5271
1111,2885
327,5807
5875,8523
5392,9420
798,3545
8428,5535
8318,15
5773,721
3613,7191
3255,219
4518,7852
5461,9091
6131,4078
8612,5902
4942,5509
6530,2983
4328,898
4313,5577
5232,6854
6586,1167
7783,8632
9378,6161
2187,1621
1774,8757
3862,5398
3665,9377
2415,5267
2328,7572
2785,9244
1996,7944
8841,1503
4222,9966
5416,3533
3005,2052
1026,565
2322,1883
5725,6339
469,3229
4203,8315
2276,9021
8509,7993
1358,942
5583,7439
3424,1484
5118,732
2836,603
7619,3170
5853,9297
362,2455
5952,8377
9895,4921
8089,5221
3154,496
1208,5135
9402,9103
5830,7311
8113,7193
4324,8603
9147,798
8860,9214
5452,1340
3405,6624
630,7006
8205,6149
262,2975
8417,9478
8151,4227
8496,7303
16,9174
155,3857
6056,9783
5131,8333
7530,4945
6434,9646
1355,9595
5932,154
3806,4052
5709,9257
1161,4154
3574,9015
9751,804
9237,7586
8855,8944
1637,7948
2432,6018
9615,7638
2590,4366
5126,5209
9017,4556
3941,3797
2130,5480
7079,7362
4865,5789
1665,9593
4767,3578
174,2238
3623,3450
718,2132
3780,1186
3233,7757
4915,7701
847,8837
1534,1944
9020,421
8903,1984
8561,9633
89,9964
6994,8849
5879,4300
4331,5107
9167,9917
9781,509
5739,9116
8592,430
9491,3951
4108,2114
1331,1127
4233,7646
3263,3197
3464,2779
57,9372
6740,6752
7795,817
1994,4120
9134,7520
766,3361
7290,3360
1389,4533
2803,3678
1305,780
5635,2862
3537,1740
869,1271
5917,550
9063,5770
7101,672
9115,1916
1604,4416
8608,2039
9900,3916
2709,3005
9007,1413
5573,9781
9262,9451
5916,7536
5441,6054
858,8866
7689,6858
9430,1844
2352,376
7223,6884
2863,2009
3896,2506
9873,5549
1265,8180
4851,6800
1919,9870
9686,3997
3945,7977
7247,7668
9697,9995
4115,3199
4110,1584
4756,8624
4426,2312
8298,8890
9214,2934
4987,5363
7823,8586
2214,5195
4226,4173
7378,9506
6209,6158
7099,9352
3899,1126
7392,4608
3892,366
8302,7702
4424,2649
6999,7119
5388,557
210,3579
3658,3087
9085,8444
5936,5918
7427,4440
9263,1334
4032,1006
8251,4132
4812,8182
8603,3567
2199,4439
9623,5855
6069,7383
2336,295
1371,8524
4854,1457
7415,8825
3994,2287
3745,5236
9182,1935
9424,256
1791,1986
2421,4396
4565,8080
8913,6155
9093,907
3958,7214
9171,2815
8466,2936
9240,4490
4724,7307
9285,1469
2941,3327
2628,4882
3451,8479
5844,637
7014,7015
8627,1245
8469,6681
6662,4283
2282,9785
9805,9466
6915,8614
3199,8035
9335,521
4740,3154
5535,315
8996,7174
2174,3719
3785,9376
9946,1672
2452,4782
1049,6489
1382,1336
173,5514
9828,7925
3840,7545
5741,2361
3687,5384
8344,4553
6872,3803
2747,3985
4606,6693
8382,2904
2666,5498
3704,5028
9862,442
4399,7291
5485,1738
7805,7753
4079,8980
6642,5266
5609,2318
6948,4989
6572,380
4069,6282
8478,1005
3859,39
3803,8157
3762,7105
3951,4063
5323,5401
7138,292
3436,4833
4513,3809
2637,2169
3366,3532
5927,8048
8725,1362
2627,6758
9469,3590
5341,5562
6971,2335
7419,2660
5138,5837
6060,7453
5768,8398
2172,6020
1172,7908
5617,5964
9269,6571
4121,3181
5011,9455
209,7190
9201,1873
3377,161
3304,999
2363,3814
5348,2516
1674,3513
9015,7698
3395,6904
8176,3870
515,1665
1877,8649
8215,1543
3729,4353
9138,3764
3099,6451
3701,9876
8703,2729
6663,8437
9098,7486
7158,4658
6510,396
2155,7917
4463,4771
129,7415
5072,2317
8744,385
5660,9945
1519,2737
6808,4103
5831,8356
4369,9706
4214,1097
3034,6677
7165,2834
6547,8648
3732,8065
8472,5445
8292,7012
6374,3234
9565,4347
9111,709
3620,5645
9448,5270
1907,538
2558,3855
3584,1683
7919,6983
2930,236
757,8168
5584,9673
6130,2190
2459,4093
9157,6050
4325,6642
4520,5110
5859,8448
1339,8506
375,9177
3939,4599
282,2930
1733,6856
2137,7474
4866,7287
9257,297
1632,1084
1234,6563
2016,3164
1107,9256
8938,826
1426,378
6969,6348
3108,1269
3703,1640
3175,7571
1100,9408
1436,9878
5397,7601
3647,4794
8092,3550
1402,4683
2256,4726
2010,1120
7838,3806
3429,1517
3128,9571
8148,3863
8870,3167
5317,2113
358,8968
1987,5836
6914,4950
105,5483
1552,4959
7108,3650
2176,1720
6863,5341
2869,5285
5974,289
8585,7225
1521,9076
9519,4923
9231,9186
1421,2628
6202,5893
1610,2647
4360,9970
3539,14
9833,5306
6424,8077
7042,4065
2630,9057
9304,5878
8099,1693
7261,4234
7634,5393
5482,8545
5210,8804
3819,766
7508,534
1106,8981
9183,9316
2281,6332
7646,3810
781,3992
6492,5382
2956,2167
5592,1500
1256,7970
4283,1268
7560,5769
2373,5151
6593,3147
4722,699
5463,8655
906,8243
1694,692
6128,3071
9055,7649
228,1236
1257,6231
3460,458
5886,4216
7797,3011
6004,3402
3533,7244
7922,508
9585,1583
3599,8195
5267,9831
4742,6350
8427,8471
4611,3231
3174,6507
1291,7202
8565,4174
2858,5971
3441,8640
9297,8006
1802,4370
102,2049
1943,8189
8356,6029
891,5055
5281,3024
5532,9821
7284,856
2384,7710
5344,3119
326,4891
9066,9059
1063,5460
6200,7395
8946,9820
9470,23
9249,9933
1958,6435
9175,9237
8629,3376
6710,1801
5914,4321
4836,1802
5350,3892
110,8652
5368,7758
4499,7102
9031,1717
7893,7048
1956,9910
3410,4846
2556,788
4749,2444
3145,7326
5646,7219
381,1557
6062,87
4263,9236
4051,8780
7167,7470
4938,1932
3530,9886
149,5602
6464,3805
3412,5958
1391,1971
4687,8104
9200,5008
7513,11
2690,8772
26,6295
3718,1943
7069,8273
4245,8572
4802,884
957,4280
6780,6369
942,3325
1951,3839
7400,2330
7766,7212
4423,7427
8468,885
5510,9864
6258,3887
4199,8988
5872,7361
6543,2362
7787,3330
117,3883
2555,9566
3723,1568
6788,4829
574,8687
4411,4565
4483,6267
1439,2654
237,3585
5896,5428
2797,9832
5940,6618
4522,3614
2362,896
3266,6475
1084,3195
9778,1237
6783,5160
7199,4054
4113,7783
3197,2329
4847,6229
2923,8713
4574,4625
4719,9066
4860,3374
9755,5114
4118,401
6168,7260
612,8526
6420,7025
8912,4983
6961,4942
4655,7523
768,4524
831,4867
1922,2537
7447,2043
5675,2498
9598,4736
1236,2826
4594,8225
3976,9094
2266,5484
398,3487
7052,1136
5519,9071
1856,7183
3808,1232
448,4607
3462,6122
7734,5167
3582,2966
6448,8461
9274,4592
9864,6038
7529,6545
5521,2162
7309,7011
3479,1
696,66
2208,3064
6422,2474
5398,3905
8013,2886
9566,8893
1190,479
8795,8902
1714,8810
9487,789
8699,5726
1685,2133
2609,9198
5676,6041
6212,5631
2026,1658
6298,5046
6680,3112
576,8265
9604,9505
3983,5511
5587,9609
9754,7425
4063,9858
1491,5996
5010,6425
4840,2764
6861,4767
7623,6380
8582,7340
3720,475
5814,3983
444,2583
5695,4086
6652,6725
863,6851
526,9445
4825,6377
9871,9465
3724,1736
8042,3943
759,1293
7934,9007
7774,7314
4789,5444
3502,5507
8512,8125
9640,8492
5581,4975
7095,8538
8023,1958
3037,3482
9025,3547
1569,5516
4434,5414
9395,201
6776,2197
4837,785
9438,3286
3777,6997
8286,1922
6551,3443
3173,5182
6001,3371
275,5420
8046,6810
9692,2430
4822,9179
1647,9218
3864,9067
7973,1538
1035,1838
3043,4837
3,3817
6838,4597
5047,9176
5525,112
9450,7683
3548,4277
6218,3172
5403,9866
1480,5783
3068,6741
966,2856
2938,1677
3481,1940
9441,1222
6205,7918
7418,8056
6967,6852
9072,5642
4043,6408
7569,8211
3844,2423
8664,9687
5087,3454
8661,325
7030,1394
4288,644
1652,1651
6963,1425
4107,3427
8716,5510
1906,9227
9904,7050
8201,5395
7799,3228
7979,1090
2811,954
7635,2603
2883,1511
6549,1078
1698,2239
4674,9031
7970,5301
9552,7769
5361,3846
833,3554
6369,527
3143,953
5298,642
7948,7164
2085,6138
3384,3669
301,7013
8853,9201
2280,9784
7540,7885
9276,6358
8209,1760
1138,5985
8361,1161
1668,6314
1059,843
2207,7975
3289,42
197,1772
1422,8122
126,1966
6186,1919
4086,7290
132,8629
9148,1070
2257,9905
1194,8074
292,4723
7642,5408
7835,7501
4607,3025
9334,3077
2662,9419
987,1308
8867,6088
5147,8055
1369,5939
3757,4056
6234,9941
809,3808
5536,8010
6198,1732
8799,7518
7051,5651
7074,169
8656,8887
6974,2002
8553,1363
6756,2477
9213,9550
5456,7108
6632,3395
4921,3328
7845,8977
5224,2526
163,8347
9356,7621
3229,963
329,8213
4521,2510
7209,7179
5034,4187
7599,7573
6053,7122
1141,2226
9303,7166
4347,9406
5755,8954
4627,4355
2926,9767
1911,1769
621,8027
944,6641
7105,1956
223,6959
1071,6262
3857,7677
4632,480
1644,9442
481,2411
4902,673
9092,7076
6724,611
5793,1846
4527,7178
3707,9368
9035,9737
6333,1014
6626,6011
6384,7679
3004,7020
3711,1359
6425,2865
2110,5976
6064,6779
7659,1930
8272,1117
3265,9013
9178,7104
4025,4368
7541,9983
5352,4731
7162,7240
1350,8787
3977,156
5926,918
8809,7490
1794,3706
2404,2726
5048,5170
9997,554
49,8089
7402,3120
9813,61
7401,4210
4330,9704
9080,7990
4568,1664
2177,2463
7930,6376
6091,2265
1902,9685
4566,9025
7012,1416
443,9537
1099,3073
9216,6346
5820,5871
2828,3771
3125,1400
6763,2993
3089,3409
7684,1470
430,9204
875,5711
2166,3557
2804,6953
4570,5351
256,5292
8165,5877
7898,3044
4215,7648
7434,7479
7416,5196
3060,5694
8747,1200
4190,3050
8077,9416
6102,7393
7206,4920
1065,8876
9129,3823
6259,1954
4846,4258
5996,6923
340,5653
7173,4857
5667,7189
1143,3184
2934,1080
4815,782
8288,414
8007,4560
4507,1572
9358,7526
9725,5906
9669,1721
1309,4322
8458,3968
6414,136
6029,4681
4732,3583
1112,7372
4359,6144
1210,1325
3081,8963
7146,4511
4366,5272
8984,8926
4281,1065
2668,3633
1102,5331
6699,2765
3331,4971
3938,5360
2651,2407
9971,3002
3526,6466
6206,5149
8503,6013
8069,4817
3834,2213
1223,2056
713,3561
9899,7285
8268,5748
2160,7823
2518,4105
777,9930
7246,4200
3426,8152
5307,3828
323,7747
5729,6068
5075,8316
7443,7301
2856,8879
2566,9330
9493,2570
842,6483
7032,7292
137,5609
8365,7647
5857,4446
2728,8397
4859,6301
5918,405
4402,9134
9194,469
1461,5786
5657,5421
8518,8975
3989,2059
4714,2492
5037,5616
3638,8651
9026,6034
1029,7283
5991,7355
518,756
1459,1917
6220,7000
7999,8175
6388,1575
2605,3502
4842,4707
9287,8455
5891,1151
5076,6737
7141,5
6667,8811
2741,1059
9062,6795
8937,8254
2247,2289
3887,946
5166,588
1227,729
7862,5751
8389,321
2458,6044
1609,457
5472,8761
711,695
6429,6430
2773,7980
5833,7001
2516,8369
6112,6184
9089,7221
5756,2693
6211,5419
6512,4077
4512,9684
7956,7767
109,2280
5389,360
5856,8843
7460,8760
6166,7549
5653,7614
8225,9481
78,2586
3116,5131
1473,185
1486,2360
7148,5256
6379,776
4449,9048
2791,9871
5905,8570
4762,6296
1942,9802
2071,3153
3748,2702
7313,7271
2153,3268
7830,2519
4701,6998
9228,472
164,8685
2315,8487
470,9950
9797,8140
1346,4876
8132,9895
1844,7964
7638,4791
1378,622
5508,6574
1366,7040
6952,2034
2144,784
7016,1082
5176,1458
2048,4816
8584,9485
6400,970
1801,899
6792,3151
5326,6513
294,6601
7875,9074
9766,3420
1998,2333
9153,6395
9095,5894
9362,8540
8068,6237
3057,8374
4155,6340
6797,9670
8269,4700
1789,3607
7339,339
8896,8750
9548,8463
9013,6952
2025,6337
5437,2284
3986,6766
2097,4379
3006,2124
2061,6712
9088,5890
9897,9386
4205,9456
8008,6197
5904,5261
9311,3471
7822,5467
7500,1630
8343,8721
2768,4589
4638,3262
9952,6002
7764,7615
1974,2096
7010,7231
6673,9574
5359,2123
9343,2690
2126,711
5123,8801
3183,4476
6850,9572
1218,2184
9507,5069
1812,9226
4956,8525
4986,1342
5785,5333
8378,62
7213,2887
2586,5901
118,3536
5132,437
604,2577
6907,7203
8390,2176
7393,5736
9499,5800
3531,4760
8483,8961
3566,3811
6622,8666
9775,3812
9989,7671
7104,7987
9744,8472
6090,310
2431,4537
5355,893
8244,3977
3273,6876
2682,7945
3914,9523
8865,1099
5468,9648
4922,7915
2391,8185
3966,7036
6284,8821
7943,5098
7256,9354
6843,6793
4391,6116
1541,4404
4843,1301
8874,8874
73,9153
9146,4687
2122,6927
4479,270
3552,1603
4916,9521
439,3970
6233,5860
1752,7398
6795,4749
782,8220
9975,8102
3036,489
5954,28
3446,3282
2945,2991
5159,1266
5636,7896
9977,7822
346,2350
5944,3524
3633,7198
2133,8206
2714,3485
9105,1685
1082,4978
7927,5756
5436,8844
2162,1609
4151,570
7854,9777
5966,4070
3200,5263
9875,5802
6138,3294
5665,5280
1954,1614
8226,6463
4826,7318
3671,2143
8188,1619
5764,6776
7350,4320
6601,3866
1719,8404
6421,152
5752,6673
8720,6790
9370,2080
6754,7014
2970,5334
5923,4529
2395,1585
7269,6218
6692,1628
3565,335
8091,2937
1119,7410
7871,10000
7775,4904
7751,2304
618,6009
6000,8024
7861,1088
7730,5173
3161,8026
2608,5951
2248,5723
6675,6120
9100,1950
5715,1374
1803,7567
955,5674
2448,8574
4385,5410
8707,3390
9248,4430
9128,2490
4052,1570
7161,2521
9057,2850
8790,4807
96,2501
3850,413
3910,9583
529,6961
7509,4018
1183,1722
6158,4229
8310,6388
4451,9853
8366,5048
6483,3862
5001,305
1200,1705
811,3385
3205,9838
2567,6832
4342,4636
7053,7296
5430,5682
1478,1490
9522,4359
1653,7299
8048,8156
5570,2727
4401,5493
714,2717
9582,3257
4775,9651
1213,7506
9202,3922
5629,5172
134,8423
4665,5896
4256,4004
8335,3278
4919,470
3080,4781
4080,1223
7233,5775
2717,7792
9236,5676
4041,403
6767,4555
1509,6444
1923,849
2394,705
1383,6700
7124,9727
2211,7920
7129,8903
6006,2084
4552,2615
9922,8739
8767,8068
3373,1567
1967,4434
9004,6796
6794,3466
8909,7930
4277,2818
8833,8746
5469,8636
2633,7926
1165,7004
6494,8616
9814,7077
9618,7411
8613,8336
4489,4913
6030,4183
1734,6828
3049,9594
1451,8571
8741,7546
911,5852
6412,6609
9853,7270
2123,6536
8183,8704
3664,9301
4631,6124
2511,6405
6368,572
3700,9363
5483,1810
9190,9668
4200,4856
1484,3923
9540,2211
1705,4138
6278,967
6878,7124
9144,8060
5798,4129
1154,3096
7947,4642
507,1822
3902,9636
4945,7843
5175,1689
300,563
4175,9953
6305,2294
7839,7458
4082,263
9245,548
7271,3716
6088,6105
3957,9
9701,7933
5633,1423
8999,1807
4553,7432
2303,3521
6956,308
4023,2648
6588,1745
1131,5187
8290,3500
8263,5884
5363,6271
9241,344
2019,3523
2560,2466
4530,4830
9593,232
1931,1168
4356,4195
2106,7043
386,5418
4693,696
6891,7827
6453,3223
6038,302
2965,7932
3987,1037
7615,9128
3492,3540
4925,165
671,2582
6293,9935
6052,9629
5837,4501
3166,2055
4844,7155
8157,1012
4881,5399
4983,8645
749,9890
4105,9101
5313,9729
4597,9338
8462,6709
8396,8239
9211,7785
4796,1100
1662,3581
467,4041
3376,299
1947,8323
4745,7976
432,4651
1997,5039
8362,1008
396,1697
2304,6914
1325,1818
5624,1408
8528,912
3934,4863
8850,774
4905,8727
882,6006
5740,1756
291,9543
6877,3018
4578,8456
5882,5315
7397,1528
5897,3334
6213,7737
9763,2465
3889,3022
7304,5578
8748,2245
1030,8929
4415,9142
5723,6640
4244,615
6020,6722
6476,8695
8586,760
3063,7328
8003,3425
9780,8222
8029,4652
4962,3735
4248,6090
4131,1391
3684,381
5476,3227
7450,6543
6728,8082
1416,5979
7219,2762
7611,952
4525,7642
5067,9973
2307,7205
7050,6565
8474,3332
7894,9314
975,6080
2359,8894
6923,8917
1476,1427
1728,5185
8342,4567
452,9206
2422,8293
4249,7870
8814,4090
8558,5162
5699,6993
7665,8796
456,4491
7790,5385
4776,3030
5028,5623
8218,6525
8160,3552
7244,2913
2674,7232
5116,5504
8672,7941
8267,9656
2569,4508
4047,1530
322,8547
4932,2618
7049,6180
6851,5828
336,495
3950,9765
6037,1030
6126,5691
587,6583
4771,8096
463,3111
1064,5273
3735,4997
7656,7495
1081,8113
8086,5036
715,7836
8992,9180
2559,6818
8152,4500
5477,612
2772,213
6034,7802
8882,8698
9509,4074
2020,6281
1917,8257
4682,4579
1985,6784
5566,455
8450,8507
5135,2763
6521,5112
8531,1477
2892,7351
797,6393
9036,5198
6084,8441
4917,950
8449,3284
1233,9012
1506,419
9363,3102
9205,833
7941,8813
8617,1501
462,2681
7329,9268
299,1727
6179,1752
7856,5740
4698,182
4422,7763
2131,6723
8823,556
4305,4186
2614,3602
3024,4928
7523,3752
9885,4118
2109,2757
8260,2122
9034,8809
8391,3953
7533,1995
4609,8747
8115,5141
6075,2831
2840,9719
1203,7093
9836,7505
4317,701
951,1173
5686,1704
6261,5960
4090,1071
6651,6606
4787,3324
146,3971
3855,629
5586,3475
3661,2572
6849,3587
4892,127
1724,1904
4008,3211
6169,7846
4588,9951
6661,9480
3494,8112
7653,8307
2999,429
8128,7597
8049,2111
5423,9200
6115,4616
8535,9733
2146,9308
9954,5805
3334,9518
1963,3090
6359,4873
1334,9711
8261,370
1162,2772
1077,481
1353,6736
946,3407
5137,2157
4799,979
3191,9170
6028,195
7593,6305
2325,6506
1003,1140
4893,8941
4470,6211
8422,2189
2498,3522
3579,6169
8317,7982
8674,7475
9136,7357
202,7696
2969,7500
1699,3991
7721,6342
3212,7540
2548,4659
330,3204
6621,9096
6614,9394
7300,1768
8564,3506
7187,4663
4386,6690
8231,1420
5614,4769
6686,861
7383,7331
5615,6686
1073,8250
232,2262
3209,6688
2044,7269
1247,4793
4891,9050
5304,3652
6031,8385
5737,449
3773,668
1579,3438
5672,324
4333,9697
8688,7650
6824,3359
8370,5011
4145,3353
4967,1551
3457,5268
4637,3804
8347,1142
3461,3624
4982,2653
5244,4634
3789,585
3817,4503
7972,8358
324,9440
9399,5544
3269,6765
4751,6788
3363,4640
822,286
8136,1860
1212,6889
1455,4102
7201,2188
166,3171
3868,862
2220,4281
2862,891
3002,5018
5732,4559
3130,6007
33,6232
1841,2695
9127,1667
3668,6288
1940,7156
3730,5597
5707,8969
4615,2
8832,9561
220,3233
2671,1980
2374,4245
5555,4813
3998,4436
6078,9695
4703,5240
5245,6359
7266,8682
4679,9591
4297,2046
7803,1910
1527,1579
4040,5903
1547,9084
1068,9454
971,6073
7954,6379
7112,4426
7369,528
9321,5879
9039,6098
5678,394
4217,3742
7096,960
4642,9852
9076,4826
8963,4257
3359,2610
6339,4477
3013,8341
7468,6111
4496,1364
8547,2131
7406,424
5539,6957
7587,903
3615,2178
7404,4629
4699,4716
8425,8923
2420,8295
1973,9046
7412,9790
2261,7422
9880,4925
690,9634
3843,2960
2750,8612
1324,7981
675,6178
5396,9099
4739,2003
761,8179
9714,5201
7006,8023
4353,6754
5370,6715
7133,8886
8546,1976
5618,8300
5855,1076
8126,3446
5928,4061
3136,7776
2355,7557
2903,4098
7039,6326
6227,7578
8371,3673
597,1494
2876,6036
7259,7544
1048,1390
7082,8422
702,2830
8927,7170
1628,6976
9580,2929
6802,4679
8717,7513
5810,1671
9889,4796
5289,4295
7296,7257
4375,9070
6654,7508
8633,5650
2735,7489
2434,6390
8486,6131
6937,3935
6193,5106
1000,2540
3506,6667
2574,8709
3797,2029
4318,3100
8463,3122
5310,3714
6718,9776
1691,2183
6566,5994
4869,67
9739,7740
8895,2602
2154,4261
2539,5140
8349,9060
9809,3966
683,2568
5800,2590
837,3429
4420,4717
4246,4405
6840,3290
6811,5739
3207,420
314,7262
5651,7265
1717,5314
7936,5032
1019,5838
2254,5340
2463,4695
1070,4095
2202,5643
4152,2264
8710,9448
1816,8402
4969,4850
2158,2580
5420,8198
7325,6919
9159,8569
874,3247
1302,5156
8784,3242
7479,1054
2898,6200
8491,7629
7592,1742
5381,1357
3249,3106
1751,3915
3414,3726
8074,1375
4644,9504
250,3899
4216,8594
8028,7022
3008,3219
7013,8476
1067,939
1654,4027
3327,3209
9515,2255
1271,9519
2795,6269
3693,4987
764,9486
8276,9736
2457,3053
1777,9654
937,2038
3846,7065
977,9385
7140,468
1118,9620
5601,9520
7711,6860
7188,1737
9935,1075
1814,1346
2715,5508
4940,4672
9876,7779
9373,1670
8185,6250
9113,8123
5435,364
2598,1499
2601,1004
5425,3525
6282,7503
5619,159
8926,9662
7370,2855
8303,576
9600,8990
1944,8335
902,1344
934,2395
6711,3928
1387,8224
2215,9250
4308,1615
2746,9132
8611,9415
3784,4513
5520,2387
8662,9273
5766,6501
1237,2149
9870,2738
2905,1647
6239,5644
572,7616
5982,3648
6695,347
1180,648
4618,9449
8398,1794
8418,4014
9594,4884
7011,6058
2255,4678
1298,7641
4095,225
7015,819
8072,3528
1592,9196
8694,902
7767,7715
2946,7564
4138,9461
706,2447
771,3644
5643,4912
8307,8919
7459,6679
5749,8943
4818,4729
2309,4323
5731,1399
3135,9428
818,3698
8482,3496
6508,5870
5664,4286
7241,6650
3962,3608
2912,4764
788,6027
4571,1179
8549,6292
965,1130
8030,2719
3717,4549
4390,3494
8646,7024
5421,9896
5045,2371
1321,1819
8410,1982
693,4351
9798,3699
9955,3775
2722,1464
5239,4329
9108,6940
7264,9255
401,35
9712,7272
5663,4880
3991,6812
5376,4189
7812,984
7231,7582
635,3163
6905,6089
480,6
1221,598
6207,3574
7218,2699
6151,3206
7379,96
1634,497
5024,3362
7070,9713
6624,9891
2235,6988
2028,7443
1357,2839
2998,9867
4801,7729
5060,8399
7666,1372
4999,3779
4431,513
5693,6404
7182,2090
5325,8340
5454,1020
2743,1125
7409,427
6871,7484
1863,8126
1440,5252
2002,6559
4694,7247
1204,931
7555,4066
7857,9981
6634,4584
9681,7348
6653,561
2105,5448
353,7678
9750,8597
4516,7815
2314,1377
5687,8607
8924,7502
895,6687
2143,6309
321,2766
2776,7637
7793,7789
7286,7735
3417,6935
4988,4551
3812,4332
5607,3152
8414,8546
8454,6230
5162,8033
8768,6439
3925,5411
8964,3355
4221,5696
3105,3640
2775,5287
3890,5074
7234,923
9603,8965
8655,9087
7636,7129
80,6260
3632,6514
5269,3049
8729,151
8843,8375
5225,7814
4289,8737
9931,2742
4012,6555
2188,5239
9444,2951
7796,3758
2667,1072
263,7972
5969,9313
7423,4495
8373,9436
4381,2225
4316,8328
921,3491
6162,5794
9404,8604
3663,5663
6277,8677
8073,1424
1829,8637
7426,982
9468,621
399,4699
6215,8146
9964,3964
1008,2860
7366,329
3640,2562
3851,9052
9792,2440
792,4480
832,4489
1795,9663
3031,9143
7817,2119
854,1156
2050,9804
9810,7117
4532,1074
7024,3400
6715,5022
9273,969
3210,8499
8230,3392
4754,5129
7453,2984
3832,1901
3830,4354
876,9718
4441,6903
1443,418
9010,206
1206,3799
1876,3589
7235,4352
6939,6801
1663,8245
1885,3442
4405,4485
6887,8305
270,680
1948,268
7396,1894
7248,3460
9047,7965
4119,5746
9934,9235
8824,2507
6045,8797
6092,4128
5424,7713
4991,4176
6729,5660
6818,9936
9917,8978
1546,3613
1362,8137
39,1562
143,4740
6190,9885
4730,8283
2222,3213
7742,9115
9166,4374
2504,8028
3654,4461
3176,8151
4666,9341
3645,5175
9742,7676
603,2784
5594,658
3367,6063
